[0. 0.]
[0.36273971 0.00254611]
[0.6373598  0.00766416]
[0.52227062 0.00652987]
[0.43692237 0.00950999]
[0.35844326 0.00851887]
[0.28491116 0.00919833]
[0.22388254 0.01285355]
[0.18408339 0.01694332]
[0.16658838 0.02104965]
[0.16100825 0.02501035]
[0.16252415 0.02837388]
[0.16774765 0.03138575]
[0.17390272 0.0342692 ]
[0.17914018 0.03713688]
[0.18331814 0.0397772 ]
[0.18685824 0.04218156]
[0.19008507 0.04440814]
[0.19315451 0.046464  ]
[0.19609943 0.04841106]
[0.198926   0.05026168]
[0.20164317 0.05201878]
[0.20425843 0.05368932]
[0.20678064 0.05528376]
[0.20922042 0.0568121 ]
[0.21158659 0.05827481]
[0.21387763 0.05974849]
[0.21610416 0.0612102 ]
[0.21826029 0.06268905]
[0.22035503 0.06417156]
[0.22240254 0.06564351]
[0.22442061 0.06708298]
[0.22641361 0.06850359]
[0.22838786 0.06989984]
[0.23034585 0.07127652]
[0.23229066 0.07263269]
[0.23422191 0.07397112]
[0.23604082 0.07525548]
[0.23767217 0.07650031]
[0.23909771 0.07770547]
[0.24031502 0.07888845]
[0.24134098 0.08005045]
[0.24211995 0.08120743]
[0.24264866 0.082362  ]
[0.24295306 0.08352556]
[0.24307413 0.08470389]
[0.24305446 0.08590434]
[0.24293311 0.08713154]
[0.24274229 0.08838969]
[0.24250677 0.08968181]
[0.24224433 0.09101029]
[0.2419668  0.09237695]
[0.24168135 0.09378343]
[0.24139199 0.09523101]
[0.24110015 0.09672108]
[0.2408061  0.09825494]
[0.24050905 0.09983399]
[0.24020797 0.10145963]
[0.23988971 0.10313345]
[0.23953775 0.10485735]
[0.23914471 0.10663394]
[0.23870814 0.10846604]
[0.23822787 0.11035667]
[0.23775499 0.11227759]
[0.23731293 0.11424182]
[0.23691474 0.11624238]
[0.23656273 0.11828255]
[0.23625673 0.12035961]
[0.23599398 0.12247419]
[0.23577133 0.12462518]
[0.23558538 0.12681259]
[0.23543285 0.12903613]
[0.23531029 0.13129596]
[0.23521446 0.13359211]
[0.2351428  0.13592486]
[0.23509325 0.13829453]
[0.23506404 0.14070155]
[0.23505364 0.14314651]
[0.23506078 0.14563008]
[0.23508438 0.14815286]
[0.23512359 0.15071572]
[0.2351775 0.1533194]
[0.23524551 0.15596496]
[0.23532709 0.15865321]
[0.23542172 0.1613853 ]
[0.23551482 0.16414075]
[0.23558788 0.16692336]
[0.23563351 0.16973345]
[0.23564899 0.17257369]
[0.23563446 0.17544581]
[0.23559129 0.17835216]
[0.23552142 0.18129468]
[0.2354269 0.1842754]
[0.23515005 0.18724079]
[0.23451191 0.19019234]
[0.23349285 0.19315973]
[0.2321391  0.19615558]
[0.23050958 0.19919716]
[0.2286602  0.20229399]
[0.22663561 0.20545548]
[0.22446969 0.20868744]
[0.22218655 0.21199524]
[0.21980287 0.2153825 ]
[0.21732967 0.21885251]
[0.21469864 0.22237943]
[0.21183749 0.22596791]
[0.20873345 0.22962727]
[0.20539367 0.23336235]
[0.2018292  0.23717906]
[0.19805133 0.24108155]
[0.19407511 0.24506256]
[0.18990934 0.24912885]
[0.18577103 0.253333  ]
[0.18176827 0.25764528]
[0.17791738 0.2620725 ]
[0.17430116 0.26656467]
[0.17093201 0.2711336 ]
[0.16779803 0.27576452]
[0.16487749 0.28045902]
[0.16214857 0.28521138]
[0.15956546 0.29003686]
[0.1571022  0.29491338]
[0.15471891 0.29982081]
[0.15239519 0.30477127]
[0.15012184 0.30975744]
[0.14788991 0.31478253]
[0.14569271 0.31984344]
[0.14352341 0.32494041]
[0.14142695 0.3300578 ]
[0.1394849  0.33517888]
[0.13770168 0.34030771]
[0.13606732 0.34543973]
[0.13456821 0.35057566]
[0.13319121 0.35571101]
[0.13191767 0.36082676]
[0.13073315 0.36593169]
[0.12962954 0.3710185 ]
[0.12859839 0.37608859]
[0.12763308 0.38113844]
[0.12672721 0.38616684]
[0.12587522 0.39117107]
[0.12507193 0.39614928]
[0.12431276 0.4010987 ]
[0.12359342 0.40601701]
[0.12291007 0.41090143]
[0.12225918 0.41574919]
[0.12163753 0.42055747]
[0.12104216 0.42532325]
[0.12047034 0.43004352]
[0.11991955 0.43471521]
[0.11938751 0.43933526]
[0.11887206 0.44390044]
[0.11837126 0.44840753]
[0.11788324 0.45285362]
[0.11740644 0.45723543]
[0.11693928 0.46154991]
[0.11646166 0.46597388]
[0.11598959 0.47047359]
[0.11552093 0.47506481]
[0.11505711 0.47973508]
[0.11459589 0.48448721]
[0.11413678 0.48931456]
[0.1136782  0.49421489]
[0.11321922 0.49918294]
[0.11275854 0.50421393]
[0.11229509 0.50930208]
[0.11182771 0.51444143]
[0.11135533 0.51962483]
[0.11087684 0.524845  ]
[0.11039115 0.53009403]
[0.10989711 0.53536332]
[0.10939364 0.54064381]
[0.10887964 0.54592592]
[0.108354   0.55119991]
[0.10781783 0.55646038]
[0.10729902 0.56173092]
[0.10680711 0.56698215]
[0.10633874 0.57221413]
[0.10589223 0.57740992]
[0.10546399 0.58256179]
[0.10505144 0.58765692]
[0.10465085 0.59268069]
[0.10424808 0.59756422]
[0.10383032 0.60233468]
[0.10339896 0.60697109]
[0.10295269 0.61147642]
[0.10249352 0.6158402 ]
[0.10200696 0.6202805 ]
[0.10150351 0.6249243 ]
[0.10100507 0.62969154]
[0.10050274 0.63461554]
[0.09999896 0.63966256]
[0.09948809 0.6448338 ]
[0.09896867 0.65010768]
[0.09843674 0.65547222]
[0.09788959 0.66090727]
[0.0973239  0.66639429]
[0.09673662 0.67191142]
[0.09612449 0.67743659]
[0.09549952 0.68287122]
[0.09485314 0.68822116]
[0.09418981 0.69348156]
[0.09352504 0.69860989]
[0.09285503 0.70357448]
[0.09217397 0.70836872]
[0.09147971 0.7129755 ]
[0.0907693 0.7173866]
[0.09004112 0.72159225]
[0.08929363 0.72558725]
[0.0885261  0.72936732]
[0.08774059 0.73317522]
[0.08698221 0.73735029]
[0.08632278 0.74170744]
[0.08575162 0.74633354]
[0.08527985 0.75116175]
[0.08489934 0.75619859]
[0.08460906 0.76140267]
[0.08440214 0.76674914]
[0.08427312 0.77219611]
[0.08421405 0.77770346]
[0.08421667 0.78322411]
[0.08427221 0.78870451]
[0.08436993 0.79409868]
[0.08449935 0.79935908]
[0.0846496  0.80444247]
[0.08481016 0.80955881]
[0.08501215 0.81486696]
[0.08528993 0.82019323]
[0.08561427 0.82554764]
[0.08597455 0.83083028]
[0.08635094 0.83600259]
[0.08673121 0.84099543]
[0.08712436 0.84573793]
[0.08751988 0.85020196]
[0.08782876 0.85570812]
[0.08824711 0.86154079]
[0.08870189 0.86799955]
[0.08921996 0.8747378 ]
[0.08974542 0.8816976 ]
[0.09025007 0.88861096]
[0.09067839 0.89530241]
[0.09108188 0.90276289]
[0.09166032 0.91011763]
[0.09233238 0.91744685]
[0.09308822 0.92422605]
[0.0936517  0.93220454]
[0.09409928 0.94075722]
[0.09432015 0.94924659]
[0.0941623  0.95688385]
[0.09344651 0.9641605 ]
[0.09221964 0.97096771]
[0.09048569 0.97632301]
[0.08810163 0.98033702]
[0.08521318 0.98352784]
[0.08198695 0.98573267]
[0.07846212 0.9872973 ]
[0.07471771 0.98834229]
[0.07080692 0.98908043]
[0.06678766 0.98960882]
[0.06270121 0.99000984]
[0.05861584 0.99023682]
[0.05454997 0.99040884]
[0.05053195 0.99052465]
[0.0465716  0.99061805]
[0.04278099 0.99059415]
[0.03920842 0.99051189]
[0.03586981 0.99039602]
[0.03275501 0.99026614]
[0.02982079 0.99013484]
[0.0270458  0.99000204]
[0.02441526 0.98987067]
[0.02191813 0.98974079]
[0.01954488 0.989613  ]
[0.01728704 0.98948765]
[0.01513712 0.98936427]
[0.01304286 0.98923874]
[0.01098279 0.98911405]
[0.00894939 0.98898852]
[0.00693906 0.98886234]
[0.00494975 0.98873454]
[0.00297982 0.98860526]
[0.00103368 0.98847377]
[-8.73155543e-04  9.88339722e-01]
[-0.00273733  0.98820388]
[-0.00455881  0.98806655]
[-0.00633688  0.98791623]
[-0.00807335  0.9877584 ]
[-0.00976876  0.98759544]
[-0.01142386  0.98742878]
[-0.01303945  0.98725981]
[-0.01461645  0.9870891 ]
[-0.01615214  0.98691565]
[-0.01763523  0.98673707]
[-0.01906426  0.98655713]
[-0.0204397   0.98636395]
[-0.02176627  0.98612493]
[-0.02305092  0.98587656]
[-0.02429016  0.98561078]
[-0.02548494  0.98533916]
[-0.02663361  0.98505992]
[-0.02772787  0.98477799]
[-0.02876604  0.98449308]
[-0.0297491   0.98420781]
[-0.0306787   0.98392326]
[-0.03155664  0.98364049]
[-0.03238478  0.98336017]
[-0.0331678   0.98308486]
[-0.03390957  0.98281419]
[-0.03461242  0.9825483 ]
[-0.03527811  0.98228663]
[-0.03590825  0.98202926]
[-0.03650427  0.981776  ]
[-0.03706762  0.98152709]
[-0.03760184  0.981287  ]
[-0.03810861  0.98105311]
[-0.03861845  0.98077464]
[-0.03915059  0.98048449]
[-0.03970357  0.9801656 ]
[-0.04027991  0.97982448]
[-0.04087897  0.9794538 ]
[-0.04150172  0.9790532 ]
[-0.04214815  0.97861767]
[-0.04281865  0.97814405]
[-0.04351319  0.9776268 ]
[-0.04423181  0.97706068]
[-0.04497425  0.97643852]
[-0.0457402   0.97575212]
[-0.04652772  0.97499096]
[-0.04732156  0.9741416 ]
[-0.04811631  0.97318912]
[-0.04890823  0.97211802]
[-0.04969309  0.97090524]
[-0.05046675  0.96952146]
[-0.05122458  0.96792519]
[-0.05196195  0.96605814]
[-0.0526742   0.96383494]
[-0.05335731  0.96112621]
[-0.05399177  0.95854264]
[-0.05447153  0.95631528]
[-0.05474425  0.95419306]
[-0.05484703  0.95223302]
[-0.05477935  0.95035475]
[-0.05455345  0.9485507 ]
[-0.05417357  0.9468143 ]
[-0.05364212  0.94514543]
[-0.05298528  0.94375873]
[-0.05220853  0.94279742]
[-0.05128797  0.94207513]
[-0.05024716  0.94160581]
[-0.04908578  0.94132352]
[-0.04781167  0.94121546]
[-0.04642539  0.94125116]
[-0.04492849  0.94141573]
[-0.04331996  0.9416914 ]
[-0.04159847  0.94206578]
[-0.03982984  0.94261307]
[-0.03810597  0.94341409]
[-0.03644714  0.94442081]
[-0.03486175  0.94563377]
[-0.03333519  0.94700897]
[-0.03188131  0.94851977]
[-0.03051248  0.95012075]
[-0.02924191  0.95176852]
[-0.02808103  0.95341516]
[-0.02703935  0.95501733]
[-0.02612329  0.95653665]
[-0.02534696  0.95823956]
[-0.02468727  0.96024126]
[-0.02412746  0.96238846]
[-0.02365836  0.96505445]
[-0.0232265   0.96778446]
[-0.02289646  0.97070867]
[-0.02266699  0.97346205]
[-0.02259263  0.9760403 ]
[-0.02267959  0.97823417]
[-0.02294678  0.98003131]
[-0.02337876  0.98138112]
[-0.02396254  0.98237616]
[-0.02466595  0.98305631]
[-0.02546035  0.98349959]
[-0.02631237  0.98375463]
[-0.0271966   0.98387176]
[-0.02809184  0.98388469]
[-0.02898253  0.98382258]
[-0.02985694  0.98370522]
[-0.03070703  0.98354816]
[-0.03152723  0.98336256]
[-0.03231403  0.98315698]
[-0.03306787  0.98293918]
[-0.03378939  0.98271322]
[-0.03447864  0.98248208]
[-0.03513568  0.98224765]
[-0.03576082  0.98201185]
[-0.03635473  0.98177552]
[-0.0369181   0.98154008]
[-0.03745331  0.98130912]
[-0.03796237  0.98108333]
[-0.03846522  0.98082864]
[-0.03898621  0.98054695]
[-0.0395298  0.9802435]
